acc    bal_ac f1     prc    rcl
94.823 86.954 74.849 72.718 77.121 | 5_o_Clock_Shadow
84.358 80.833 72.543 72.449 72.656 | Arched_Eyebrows
83.173 83.163 82.846 83.766 81.962 | Attractive
85.504 78.772 65.342 63.375 67.451 | Bags_Under_Eyes
99.067 86.849 77.095 80.376 74.090 | Bald
96.204 91.944 87.557 89.435 85.757 | Bangs
72.832 62.683 44.509 67.068 33.346 | Big_Lips
84.297 76.823 63.289 62.761 63.847 | Big_Nose
90.484 86.472 81.599 85.930 77.687 | Black_Hair
96.182 91.368 85.547 86.308 84.805 | Blond_Hair
96.380 73.442 57.232 71.188 47.921 | Blurry
89.496 83.691 71.858 69.291 74.631 | Brown_Hair
93.038 80.330 70.158 78.885 63.179 | Bushy_Eyebrows
95.942 75.738 58.131 64.195 53.138 | Chubby
96.470 72.727 54.690 66.250 46.594 | Double_Chin
99.684 98.401 97.541 98.162 96.928 | Eyeglasses
97.593 88.127 74.747 72.023 77.705 | Goatee
98.296 84.933 72.536 74.555 70.660 | Gray_Hair
92.040 91.481 90.008 91.535 88.538 | Heavy_Makeup
88.085 87.996 87.370 89.293 85.529 | High_Cheekbones
98.373 98.214 97.887 98.261 97.517 | Male
94.339 94.332 94.241 94.938 93.555 | Mouth_Slightly_Open
97.112 72.738 55.364 68.804 46.321 | Mustache
87.750 64.538 43.325 69.442 31.503 | Narrow_Eyes
96.516 93.404 97.956 98.109 97.804 | No_Beard
76.107 63.041 43.454 72.329 31.079 | Oval_Face
97.200 75.297 60.674 74.176 51.381 | Pale_Skin
77.812 68.238 54.168 66.095 45.898 | Pointy_Nose
94.025 74.910 59.570 69.943 51.889 | Receding_Hairline
95.408 77.371 63.751 73.512 56.313 | Rosy_Cheeks
97.952 89.587 78.453 76.631 80.367 | Sideburns
93.365 93.366 93.268 94.721 91.859 | Smiling
84.999 74.687 61.427 66.734 56.912 | Straight_Hair
85.321 82.027 77.616 87.235 69.911 | Wavy_Hair
90.660 86.182 77.657 76.787 78.550 | Wearing_Earrings
99.176 94.328 90.086 91.165 89.035 | Wearing_Hat
94.172 94.236 94.322 95.931 92.768 | Wearing_Lipstick
88.140 65.181 43.759 63.258 33.476 | Wearing_Necklace
97.088 87.067 78.399 81.664 75.411 | Wearing_Necktie
89.021 82.631 92.913 90.866 95.056 | Young
--------------------------------------------------------
91.712 86.739 81.218 85.327 77.487 | cumulative avg
--------------------------------------------------------
91.712 82.353 73.193 78.754 69.754 / attr avg mean
--------------------------------------------------------
0.0093 0.1127 0.0992 0.1258 0.2396 / attr avg std
--------------------------------------------------------
