acc    bal_ac f1     prc    rcl
94.709 85.875 73.834 73.460 74.835 | 5_o_Clock_Shadow
84.073 80.117 71.682 72.552 70.940 | Arched_Eyebrows
82.820 82.829 82.866 82.054 83.874 | Attractive
85.266 78.211 64.561 63.086 66.349 | Bags_Under_Eyes
98.981 85.163 74.637 79.009 70.733 | Bald
96.208 91.891 87.549 89.578 85.622 | Bangs
72.214 61.821 42.765 65.586 31.780 | Big_Lips
83.935 76.248 62.405 61.938 62.902 | Big_Nose
90.123 86.138 80.973 84.922 77.414 | Black_Hair
96.150 90.509 85.145 87.619 82.820 | Blond_Hair
96.267 70.298 52.761 73.507 41.406 | Blurry
89.318 83.663 71.572 68.588 74.837 | Brown_Hair
92.892 80.885 70.201 76.912 64.679 | Bushy_Eyebrows
95.782 72.932 54.343 63.861 47.372 | Chubby
96.466 71.046 52.675 68.035 43.067 | Double_Chin
99.662 98.115 97.358 98.402 96.338 | Eyeglasses
97.372 89.311 73.730 68.123 80.437 | Goatee
98.331 84.540 72.703 75.903 69.811 | Gray_Hair
91.722 91.192 89.618 91.069 88.399 | Heavy_Makeup
88.022 87.953 87.378 88.753 86.047 | High_Cheekbones
98.333 98.192 97.837 98.105 97.574 | Male
94.186 94.182 94.110 94.401 93.822 | Mouth_Slightly_Open
96.978 70.953 52.211 67.276 42.746 | Mustache
87.735 63.959 42.188 70.545 30.121 | Narrow_Eyes
96.483 93.044 97.939 97.974 97.906 | No_Beard
75.842 63.775 45.249 69.069 34.255 | Oval_Face
97.167 72.775 57.714 77.502 46.143 | Pale_Skin
77.609 67.450 52.702 66.543 43.741 | Pointy_Nose
93.905 73.780 57.940 69.987 49.540 | Receding_Hairline
95.323 76.997 62.959 73.009 55.601 | Rosy_Cheeks
97.820 88.758 77.027 75.407 78.769 | Sideburns
93.213 93.214 93.121 94.469 91.817 | Smiling
83.847 72.327 57.616 64.290 52.473 | Straight_Hair
83.941 80.279 75.143 86.023 66.812 | Wavy_Hair
90.179 85.451 76.509 75.780 77.392 | Wearing_Earrings
99.070 92.905 88.621 91.230 86.174 | Wearing_Hat
94.132 94.183 94.292 95.650 93.010 | Wearing_Lipstick
87.601 62.009 37.172 61.797 26.669 | Wearing_Necklace
97.032 85.701 77.399 83.001 72.523 | Wearing_Necktie
88.571 80.956 92.695 89.822 95.764 | Young
--------------------------------------------------------
91.482 86.412 80.693 84.790 76.980 | cumulative avg
--------------------------------------------------------
91.482 81.491 71.980 78.371 68.313 / attr avg mean
--------------------------------------------------------
0.0634 0.1765 0.2051 0.1969 0.3858 / attr avg std
--------------------------------------------------------
