acc    bal_ac f1     prc    rcl
93.485 80.945 66.672 68.167 65.276 | 5_o_Clock_Shadow
81.681 76.578 66.775 68.956 64.741 | Arched_Eyebrows
81.658 81.665 81.693 80.869 82.534 | Attractive
83.953 74.288 59.437 60.983 58.037 | Bags_Under_Eyes
98.488 74.919 58.425 69.761 50.307 | Bald
95.474 90.285 85.064 87.519 82.747 | Bangs
70.761 59.798 38.483 62.054 28.107 | Big_Lips
81.589 73.552 57.848 56.209 59.598 | Big_Nose
88.547 83.787 77.678 82.540 73.364 | Black_Hair
95.440 88.920 82.388 84.912 80.030 | Blond_Hair
95.741 64.332 41.042 68.539 29.386 | Blurry
88.146 80.598 67.595 66.465 68.815 | Brown_Hair
92.091 78.239 66.104 74.358 59.544 | Bushy_Eyebrows
95.011 68.010 44.452 54.245 37.807 | Chubby
95.929 67.032 44.115 59.422 35.225 | Double_Chin
99.246 95.769 94.014 96.371 91.777 | Eyeglasses
96.626 84.010 65.577 61.617 70.120 | Goatee
97.816 81.233 64.944 66.458 63.522 | Gray_Hair
90.663 90.248 88.424 88.795 88.060 | Heavy_Makeup
86.677 86.621 86.021 86.982 85.082 | High_Cheekbones
97.102 97.000 96.263 95.978 96.550 | Male
92.929 92.922 92.812 93.422 92.211 | Mouth_Slightly_Open
96.420 64.708 39.500 56.864 30.337 | Mustache
86.898 62.311 38.225 64.237 27.318 | Narrow_Eyes
95.307 90.460 97.253 97.194 97.312 | No_Beard
74.426 62.011 42.222 63.775 31.639 | Oval_Face
96.789 70.689 52.470 69.568 42.190 | Pale_Skin
75.760 65.240 48.929 61.545 40.691 | Pointy_Nose
93.059 70.291 51.165 63.546 42.869 | Receding_Hairline
94.861 75.801 59.924 68.073 53.547 | Rosy_Cheeks
97.199 82.073 68.407 71.720 65.400 | Sideburns
91.741 91.742 91.620 93.041 90.243 | Smiling
81.271 66.293 47.433 57.925 40.477 | Straight_Hair
80.859 76.642 69.926 81.684 61.134 | Wavy_Hair
87.611 79.494 68.630 71.907 65.658 | Wearing_Earrings
98.722 89.430 83.881 89.146 79.285 | Wearing_Hat
93.228 93.280 93.420 94.771 92.106 | Wearing_Lipstick
86.098 56.395 23.213 48.847 15.380 | Wearing_Necklace
96.119 80.927 69.540 77.268 63.259 | Wearing_Necktie
87.220 79.547 91.798 89.278 94.466 | Young
--------------------------------------------------------
90.316 84.460 77.844 82.661 73.564 | cumulative avg
--------------------------------------------------------
90.316 78.202 66.584 73.875 62.404 / attr avg mean
--------------------------------------------------------
0.0664 0.4307 0.7630 0.2846 1.0448 / attr avg std
--------------------------------------------------------
