acc    bal_ac f1     prc    rcl
94.950 86.254 74.891 74.405 75.386 | 5_o_Clock_Shadow
85.508 80.768 73.218 77.275 69.771 | Arched_Eyebrows
82.697 82.679 82.183 83.965 80.535 | Attractive
86.587 79.408 67.029 66.885 67.337 | Bags_Under_Eyes
99.034 86.115 76.116 80.036 72.624 | Bald
95.879 90.705 86.279 89.615 83.191 | Bangs
74.168 63.941 46.468 72.107 34.378 | Big_Lips
84.777 77.920 64.778 63.633 66.016 | Big_Nose
90.253 86.512 81.348 84.712 78.322 | Black_Hair
95.862 90.048 84.096 86.210 82.120 | Blond_Hair
96.238 72.261 54.997 69.693 45.584 | Blurry
89.516 82.302 70.887 70.764 71.040 | Brown_Hair
92.537 79.187 67.977 76.567 61.168 | Bushy_Eyebrows
95.758 74.677 56.034 62.304 51.096 | Chubby
96.433 73.438 55.185 64.978 48.127 | Double_Chin
99.570 97.892 96.648 97.342 95.966 | Eyeglasses
97.386 88.372 73.349 68.905 78.448 | Goatee
98.274 84.085 71.768 74.951 68.931 | Gray_Hair
91.824 91.338 89.787 90.867 88.775 | Heavy_Makeup
87.983 87.924 87.372 88.501 86.286 | High_Cheekbones
98.201 98.051 97.665 97.944 97.390 | Male
94.104 94.099 94.016 94.480 93.561 | Mouth_Slightly_Open
97.378 76.010 60.821 72.380 52.850 | Mustache
87.600 62.899 39.940 71.379 27.743 | Narrow_Eyes
96.417 93.527 97.895 98.180 97.613 | No_Beard
78.530 67.895 53.403 74.455 41.878 | Oval_Face
97.200 74.716 59.920 75.630 50.167 | Pale_Skin
77.204 65.927 49.689 67.519 39.611 | Pointy_Nose
93.827 73.865 57.794 68.858 49.823 | Receding_Hairline
95.405 76.004 62.339 75.864 53.352 | Rosy_Cheeks
97.690 89.758 76.494 72.487 81.015 | Sideburns
92.919 92.919 92.817 94.230 91.457 | Smiling
85.337 74.117 61.046 69.042 54.778 | Straight_Hair
85.526 82.178 77.841 87.912 69.864 | Wavy_Hair
90.630 86.508 77.807 76.232 79.481 | Wearing_Earrings
99.044 93.211 88.421 90.104 86.841 | Wearing_Hat
93.716 93.775 93.881 95.388 92.436 | Wearing_Lipstick
90.389 73.561 59.034 71.687 50.323 | Wearing_Necklace
97.353 87.989 80.316 83.861 77.098 | Wearing_Necktie
88.880 82.621 92.809 90.919 94.792 | Young
--------------------------------------------------------
91.815 86.796 81.401 85.771 77.460 | cumulative avg
--------------------------------------------------------
91.815 82.386 73.359 79.307 69.679 / attr avg mean
--------------------------------------------------------
0.0741 0.2464 0.3124 0.5013 0.6498 / attr avg std
--------------------------------------------------------
