acc    bal_ac f1     prc    rcl
93.244 80.883 65.907 66.438 65.436 | 5_o_Clock_Shadow
80.597 75.874 65.547 66.248 64.917 | Arched_Eyebrows
80.916 80.915 80.778 80.687 80.879 | Attractive
83.011 73.373 57.652 58.279 57.167 | Bags_Under_Eyes
98.191 63.619 38.829 67.372 27.518 | Bald
94.898 88.598 82.908 86.691 79.447 | Bangs
70.591 60.810 41.849 59.332 32.537 | Big_Lips
80.197 73.332 56.801 52.844 61.413 | Big_Nose
88.058 82.484 76.163 83.161 70.280 | Black_Hair
95.132 87.323 80.756 85.345 76.677 | Blond_Hair
95.183 55.817 19.751 61.661 12.020 | Blurry
87.932 79.958 66.782 66.134 67.510 | Brown_Hair
91.216 75.742 61.758 70.854 54.857 | Bushy_Eyebrows
94.787 64.653 38.566 51.315 30.945 | Chubby
95.603 64.869 39.224 53.331 31.041 | Double_Chin
98.625 91.581 88.687 94.582 83.491 | Eyeglasses
96.452 82.233 63.238 60.227 66.579 | Goatee
97.503 78.913 60.123 61.295 59.057 | Gray_Hair
89.892 89.484 87.496 87.665 87.338 | Heavy_Makeup
85.969 85.872 85.103 87.125 83.186 | High_Cheekbones
96.406 96.330 95.381 94.783 95.995 | Male
91.919 91.903 91.715 93.113 90.361 | Mouth_Slightly_Open
96.251 62.904 35.566 53.092 26.762 | Mustache
86.161 56.586 23.063 66.183 14.495 | Narrow_Eyes
94.918 89.662 97.026 96.959 97.093 | No_Beard
75.170 62.298 42.291 67.569 30.808 | Oval_Face
96.674 67.635 47.533 70.639 35.929 | Pale_Skin
74.809 62.243 42.674 61.049 32.917 | Pointy_Nose
92.243 64.800 40.927 57.803 31.747 | Receding_Hairline
94.476 73.222 55.649 65.697 48.408 | Rosy_Cheeks
97.027 80.996 66.395 69.817 63.326 | Sideburns
90.497 90.499 90.237 92.837 87.788 | Smiling
81.836 65.811 46.790 60.810 38.191 | Straight_Hair
81.800 77.461 71.049 84.382 61.503 | Wavy_Hair
86.467 79.017 66.900 67.638 66.318 | Wearing_Earrings
98.301 85.199 77.808 86.273 70.894 | Wearing_Hat
92.667 92.700 92.901 93.872 91.956 | Wearing_Lipstick
85.959 60.147 32.241 48.108 24.504 | Wearing_Necklace
96.051 79.259 67.952 78.878 59.728 | Wearing_Necktie
86.685 78.678 91.466 88.846 94.246 | Young
--------------------------------------------------------
89.858 83.624 76.656 81.939 72.026 | cumulative avg
--------------------------------------------------------
89.858 76.342 63.337 72.473 58.882 / attr avg mean
--------------------------------------------------------
0.1314 0.7157 1.4548 0.4782 1.5761 / attr avg std
--------------------------------------------------------
