acc    bal_ac f1     prc    rcl
87.092 91.720 60.182 43.543 97.503 | 5_o_Clock_Shadow
78.894 82.915 71.318 58.136 92.244 | Arched_Eyebrows
82.882 82.869 82.467 83.790 81.212 | Attractive
72.416 81.089 58.443 42.079 95.674 | Bags_Under_Eyes
97.889 97.395 66.048 50.106 96.879 | Bald
93.449 94.905 82.185 71.286 97.022 | Bangs
60.980 67.239 58.853 44.918 85.331 | Big_Lips
70.638 78.233 56.907 41.318 91.418 | Big_Nose
87.914 89.478 80.683 71.316 92.903 | Black_Hair
92.960 94.348 78.466 66.240 96.241 | Blond_Hair
91.505 91.280 52.034 36.434 91.030 | Blurry
77.186 84.457 60.148 43.834 95.807 | Brown_Hair
84.427 87.523 60.420 45.061 91.701 | Bushy_Eyebrows
88.408 90.114 45.705 30.407 92.023 | Chubby
89.728 89.936 44.544 29.582 90.164 | Double_Chin
99.487 99.025 96.125 93.868 98.495 | Eyeglasses
94.459 96.389 61.988 45.227 98.514 | Goatee
95.531 95.380 57.595 41.290 95.220 | Gray_Hair
91.541 91.768 89.902 87.056 92.961 | Heavy_Makeup
87.191 87.199 86.802 86.199 87.424 | High_Cheekbones
98.237 98.180 97.724 97.520 97.929 | Male
93.981 93.978 93.906 94.125 93.690 | Mouth_Slightly_Open
93.769 95.019 54.476 37.972 96.373 | Mustache
75.124 79.147 50.363 35.806 84.872 | Narrow_Eyes
92.536 94.703 95.444 99.585 91.639 | No_Beard
68.217 69.373 57.319 47.592 72.201 | Oval_Face
92.376 92.583 50.613 34.799 92.810 | Pale_Skin
67.674 72.569 59.758 46.378 83.994 | Pointy_Nose
86.581 88.640 53.553 37.928 91.122 | Receding_Hairline
87.472 90.726 51.985 35.853 94.525 | Rosy_Cheeks
94.987 96.077 64.314 48.051 97.279 | Sideburns
92.955 92.956 92.850 94.311 91.437 | Smiling
74.436 80.712 60.054 44.693 91.527 | Straight_Hair
84.852 84.867 80.324 76.205 84.924 | Wavy_Hair
82.451 87.195 69.176 54.302 95.282 | Wearing_Earrings
98.627 97.927 85.615 76.523 97.163 | Wearing_Hat
94.139 94.163 94.340 95.082 93.615 | Wearing_Lipstick
66.762 77.387 43.313 28.320 92.060 | Wearing_Necklace
93.641 94.466 67.781 52.559 95.425 | Wearing_Necktie
80.396 83.226 85.718 95.557 77.723 | Young
--------------------------------------------------------
86.095 87.302 74.865 64.318 89.548 | cumulative avg
--------------------------------------------------------
86.095 88.429 68.986 58.621 91.884 / attr avg mean
--------------------------------------------------------
0.1170 0.0529 0.2199 0.1020 0.1363 / attr avg std
--------------------------------------------------------
