acc    bal_ac f1     prc    rcl
94.012 82.901 69.717 70.450 69.017 | 5_o_Clock_Shadow
82.549 78.191 68.935 69.821 68.084 | Arched_Eyebrows
82.118 82.119 82.018 81.791 82.249 | Attractive
84.458 74.883 60.507 62.379 58.784 | Bags_Under_Eyes
98.868 80.988 69.976 79.831 62.317 | Bald
95.713 90.686 85.832 88.435 83.384 | Bangs
71.275 60.591 40.343 62.913 29.709 | Big_Lips
82.728 74.649 59.809 59.032 60.624 | Big_Nose
89.314 84.948 79.305 83.660 75.389 | Black_Hair
95.534 89.171 82.768 85.186 80.496 | Blond_Hair
96.133 69.496 50.997 71.154 39.861 | Blurry
88.367 81.340 68.491 66.717 70.371 | Brown_Hair
92.124 77.149 65.188 76.269 56.937 | Bushy_Eyebrows
95.401 69.777 48.655 59.597 41.115 | Chubby
96.106 67.531 45.849 62.959 36.079 | Double_Chin
99.508 97.166 96.124 97.834 94.476 | Eyeglasses
96.828 85.322 67.748 63.499 72.656 | Goatee
97.972 80.584 66.089 70.766 62.013 | Gray_Hair
91.110 90.614 88.911 89.839 88.003 | Heavy_Makeup
87.156 87.062 86.373 88.347 84.487 | High_Cheekbones
97.539 97.396 96.815 96.868 96.762 | Male
93.410 93.400 93.281 94.204 92.379 | Mouth_Slightly_Open
96.724 65.885 43.304 65.402 32.461 | Mustache
87.150 62.014 37.772 67.432 26.240 | Narrow_Eyes
95.905 91.866 97.601 97.626 97.576 | No_Beard
74.965 61.875 41.324 67.294 29.853 | Oval_Face
96.896 72.122 54.963 70.651 45.071 | Pale_Skin
76.310 65.360 48.981 63.676 39.807 | Pointy_Nose
93.407 71.360 53.536 66.588 44.805 | Receding_Hairline
94.947 74.977 59.454 70.136 51.662 | Rosy_Cheeks
97.369 83.908 70.883 72.832 69.071 | Sideburns
92.228 92.229 92.086 93.858 90.381 | Smiling
83.828 72.161 57.468 64.146 52.053 | Straight_Hair
84.258 80.635 75.686 86.453 67.313 | Wavy_Hair
89.201 83.079 73.543 74.504 72.645 | Wearing_Earrings
98.954 92.161 87.196 89.806 84.744 | Wearing_Hat
93.405 93.465 93.581 95.106 92.104 | Wearing_Lipstick
86.820 60.586 33.697 55.055 24.359 | Wearing_Necklace
96.664 84.697 74.825 79.430 70.779 | Wearing_Necktie
88.082 80.408 92.374 89.596 95.330 | Young
--------------------------------------------------------
90.883 85.296 79.166 83.949 74.899 | cumulative avg
--------------------------------------------------------
90.883 79.619 69.050 76.278 64.786 / attr avg mean
--------------------------------------------------------
0.0163 0.1238 0.1114 0.0936 0.2172 / attr avg std
--------------------------------------------------------
