acc    bal_ac f1     prc    rcl
89.923 92.146 65.374 49.916 94.925 | 5_o_Clock_Shadow
81.357 82.741 72.404 62.587 85.953 | Arched_Eyebrows
82.730 82.720 82.387 83.369 81.509 | Attractive
78.591 82.648 62.935 48.628 89.468 | Bags_Under_Eyes
98.336 96.166 70.521 56.476 93.901 | Bald
95.068 94.689 85.604 78.492 94.140 | Bangs
67.337 67.910 58.176 50.168 69.565 | Big_Lips
76.289 79.089 60.047 46.793 83.951 | Big_Nose
89.297 89.040 81.789 76.072 88.477 | Black_Hair
94.484 94.139 81.908 72.782 93.669 | Blond_Hair
94.418 87.978 59.451 47.053 80.812 | Blurry
81.929 85.748 64.596 49.865 91.709 | Brown_Hair
88.929 87.449 66.672 54.671 85.452 | Bushy_Eyebrows
91.506 87.958 51.258 36.953 83.989 | Chubby
92.405 87.490 49.851 35.916 82.081 | Double_Chin
99.567 99.003 96.706 95.118 98.355 | Eyeglasses
95.522 95.739 66.310 50.678 95.978 | Goatee
96.676 93.995 63.672 49.013 91.132 | Gray_Hair
91.627 91.636 89.869 88.176 91.680 | Heavy_Makeup
87.445 87.439 87.012 86.765 87.278 | High_Cheekbones
98.164 98.067 97.625 97.610 97.641 | Male
94.029 94.023 93.939 94.413 93.472 | Mouth_Slightly_Open
95.401 92.250 59.937 45.258 88.834 | Mustache
82.325 76.185 53.183 44.067 67.446 | Narrow_Eyes
94.368 94.815 96.614 99.180 94.183 | No_Beard
72.634 68.422 55.563 53.860 58.119 | Oval_Face
94.658 89.882 57.309 43.465 84.667 | Pale_Skin
72.844 72.583 60.233 51.810 71.974 | Pointy_Nose
90.193 86.812 58.903 45.758 82.739 | Receding_Hairline
91.052 90.302 58.917 43.936 89.427 | Rosy_Cheeks
95.916 95.465 68.369 53.451 94.968 | Sideburns
92.903 92.904 92.781 94.448 91.183 | Smiling
77.881 79.181 60.739 48.509 81.422 | Straight_Hair
84.511 83.226 78.666 78.955 78.503 | Wavy_Hair
85.188 87.519 71.868 59.205 91.491 | Wearing_Earrings
98.828 97.212 87.259 80.381 95.447 | Wearing_Hat
94.281 94.305 94.477 95.218 93.757 | Wearing_Lipstick
75.767 77.231 47.442 33.877 79.252 | Wearing_Necklace
95.246 93.108 72.842 61.002 90.622 | Wearing_Necktie
85.428 84.442 89.967 93.919 86.360 | Young
--------------------------------------------------------
88.626 87.942 77.898 70.741 86.668 | cumulative avg
--------------------------------------------------------
88.626 87.841 71.829 63.445 86.888 / attr avg mean
--------------------------------------------------------
0.1975 0.1101 0.3784 0.3723 0.3564 / attr avg std
--------------------------------------------------------
