acc    bal_ac f1     prc    rcl
94.321 87.460 73.514 68.904 78.887 | 5_o_Clock_Shadow
84.149 80.329 71.944 72.466 71.469 | Arched_Eyebrows
82.121 82.093 81.374 84.165 78.773 | Attractive
84.258 80.170 65.352 59.179 73.295 | Bags_Under_Eyes
99.019 87.657 76.602 77.492 75.792 | Bald
95.864 90.841 86.286 89.219 83.545 | Bangs
71.847 63.663 48.120 60.697 40.009 | Big_Lips
81.179 77.729 61.805 54.528 71.739 | Big_Nose
90.113 86.548 81.221 83.893 78.742 | Black_Hair
96.000 89.962 84.486 87.440 81.729 | Blond_Hair
96.048 68.421 48.971 70.649 37.683 | Blurry
89.308 82.301 70.570 69.869 71.363 | Brown_Hair
92.466 81.400 69.557 73.015 66.466 | Bushy_Eyebrows
95.275 78.027 56.879 55.431 58.733 | Chubby
96.074 77.306 56.880 57.359 56.648 | Double_Chin
99.594 98.028 96.838 97.456 96.230 | Eyeglasses
97.495 88.825 74.372 70.044 79.279 | Goatee
98.206 85.707 71.976 71.647 72.358 | Gray_Hair
91.519 90.887 89.317 91.154 87.563 | Heavy_Makeup
87.988 87.885 87.216 89.507 85.041 | High_Cheekbones
98.306 98.177 97.804 97.997 97.612 | Male
94.234 94.231 94.161 94.413 93.921 | Mouth_Slightly_Open
97.241 78.375 61.885 66.518 57.927 | Mustache
87.536 65.155 44.206 66.424 33.302 | Narrow_Eyes
96.100 93.370 97.704 98.185 97.229 | No_Beard
76.266 63.893 45.519 70.837 33.625 | Oval_Face
97.198 75.819 61.155 73.448 52.476 | Pale_Skin
77.175 66.263 50.509 66.383 40.799 | Pointy_Nose
93.651 76.265 59.659 64.747 55.325 | Receding_Hairline
95.295 77.317 63.175 72.195 56.327 | Rosy_Cheeks
97.581 89.670 75.641 71.032 80.950 | Sideburns
92.991 92.992 92.844 94.880 90.896 | Smiling
84.780 73.295 59.551 67.321 53.499 | Straight_Hair
85.298 82.127 77.722 86.673 70.464 | Wavy_Hair
89.863 87.012 77.018 72.539 82.153 | Wearing_Earrings
99.024 93.325 88.240 89.424 87.104 | Wearing_Hat
93.801 93.865 93.961 95.562 92.417 | Wearing_Lipstick
89.562 74.555 58.715 64.603 53.832 | Wearing_Necklace
97.285 87.912 79.894 83.052 77.012 | Wearing_Necktie
88.489 83.037 92.492 91.374 93.639 | Young
--------------------------------------------------------
91.363 86.657 80.664 83.636 77.901 | cumulative avg
--------------------------------------------------------
91.363 82.797 73.128 76.793 71.146 / attr avg mean
--------------------------------------------------------
0.1339 0.1105 0.2084 0.5793 0.4003 / attr avg std
--------------------------------------------------------
