acc    bal_ac f1     prc    rcl
93.708 80.958 67.371 69.930 65.025 | 5_o_Clock_Shadow
81.677 76.822 67.043 68.667 65.562 | Arched_Eyebrows
81.464 81.471 81.493 80.699 82.320 | Attractive
84.812 73.512 59.224 65.015 54.512 | Bags_Under_Eyes
98.221 60.836 33.818 79.401 21.797 | Bald
94.947 88.351 82.918 87.574 78.771 | Bangs
71.870 61.171 41.237 65.156 30.245 | Big_Lips
82.580 74.027 59.026 58.972 59.178 | Big_Nose
88.755 83.403 77.547 84.680 71.686 | Black_Hair
95.104 88.493 81.222 83.066 79.481 | Blond_Hair
95.708 62.318 37.112 71.885 25.168 | Blurry
88.026 79.297 66.338 67.036 65.670 | Brown_Hair
91.116 72.364 57.809 75.167 47.053 | Bushy_Eyebrows
95.194 64.136 39.312 59.433 29.395 | Chubby
95.979 64.576 40.562 62.660 30.011 | Double_Chin
99.185 94.718 93.421 97.605 89.589 | Eyeglasses
96.622 83.310 65.074 61.862 68.656 | Goatee
97.649 78.136 60.816 64.848 57.296 | Gray_Hair
90.202 89.829 87.896 87.949 87.862 | Heavy_Makeup
86.065 85.938 85.079 87.875 82.464 | High_Cheekbones
97.034 96.903 96.169 96.020 96.324 | Male
92.319 92.309 92.164 93.123 91.229 | Mouth_Slightly_Open
96.384 62.575 35.669 57.387 25.933 | Mustache
86.354 56.613 23.674 70.201 14.286 | Narrow_Eyes
95.516 90.725 97.377 97.257 97.499 | No_Beard
75.519 62.791 43.280 68.785 31.652 | Oval_Face
96.443 61.358 35.081 75.826 23.048 | Pale_Skin
74.734 61.523 40.925 61.663 30.694 | Pointy_Nose
92.244 62.246 36.330 59.943 26.116 | Receding_Hairline
94.534 70.869 53.052 69.171 43.240 | Rosy_Cheeks
97.068 83.340 68.331 68.512 68.207 | Sideburns
90.773 90.775 90.507 93.262 87.920 | Smiling
83.641 70.434 54.971 65.188 47.671 | Straight_Hair
83.966 79.953 74.708 87.668 65.196 | Wavy_Hair
87.737 80.209 69.417 71.685 67.379 | Wearing_Earrings
98.725 89.602 83.975 88.910 79.642 | Wearing_Hat
92.945 92.968 93.183 93.957 92.434 | Wearing_Lipstick
87.944 65.238 43.559 61.531 33.883 | Wearing_Necklace
96.667 83.264 73.962 81.691 67.677 | Wearing_Necktie
87.620 79.505 92.098 89.118 95.285 | Young
--------------------------------------------------------
90.426 84.193 77.813 83.842 72.597 | cumulative avg
--------------------------------------------------------
90.426 76.922 64.569 75.759 59.426 / attr avg mean
--------------------------------------------------------
0.0467 0.1877 0.2768 0.4092 0.4888 / attr avg std
--------------------------------------------------------
